79
63
82
8
15
39
89
84
40
22
24
19
19
2
39
56
77
55
37
22
99
42
16
91
27
1
24
48
84
12
59
85
40
93
65
61
77
59
24
31
79
25
57
81
30
60
44
84
13
56
67
29
4
18
62
56
64
67
15
48
6
65
98
92
23
40
93
46
20
93
89
31
35
82
42
60
43
59
10
37
82
29
77
85
82
46
53
39
63
10
63
45
57
30
51
24
83
84
70
29
97
52
82
12
64
39
52
83
13
11
41
12
37
88
5
18
89
71
93
66
42
42
3
35
57
21
52
9
4
37
100
36
62
80
45
2
18
6
92
80
91
28
41
71
96
11
21
24
9
5
86
35
58
7
41
14
94
16
42
74
73
75
19
64
68
56
45
97
85
97
96
14
99
54
45
75
48
44
95
30
97
29
68
73
32
16
80
42
20
61
22
49
80
46
31
74
36
94
53
93
84
89
69
44
23
69
59
21
81
98
29
34
75
17
12
43
14
51
24
84
91
66
62
97
44
94
40
28
20
5
7
18
5
95
83
36
53
85
86
3
79
84
97
63
94
18
52
39
94
23
40
98
92
45
36
46
16
31
50
56
5
1
10
68
31
93
7
81
39
14
30
82
99
84
33
45
10
76
93
91
90
76
70
49
77
76
42
56
54
38
97
52
80
25
65
71
86
28
43
10
3
100
27
22
59
41
43
44
75
72
71
93
24
90
81
97
67
37
21
58
9
57
53
78
31
91
10
55
54
81
96
53
32
23
81
52
80
66
61
88
9
80
58
75
82
9
45
6
14
74
10
46
1
1
86
28
79
46
48
16
91
62
70
69
45
27
96
98
82
41
61
37
99
49
90
31
18
13
97
37
74
33
43
83
85
82
68
67
77
66
82
51
49
16
2
21
32
60
8
25
53
40
9
55
35
55
3
91
86
46
43
52
99
24
94
97
47
80
35
56
79
30
18
86
48
56
62
39
75
30
89
26
46
13
79
38
100
47
70
49
40
19
18
80
77
29
65
84
42
71
91
89
38
84
91
50
44
60
87
18
100
53
74
63
47
3
73
46
18
67
25
36
98
14
94
81
60
22
25
71
21
3
40
96
43
7
4
39
21
74
13
18
90
5
69
33
77
21
61
75
73
28
73
43
49
74
6
87
4
85
79
56
42
20
18
3
12
42
95
49
35
8
13
2
100
98
9
97
24
49
81
53
85
42
18
4
14
79
60
90
61
96
97
98
88
34
97
43
66
71
2
40
6
43
21
32
84
80
98
17
9
61
3
44
77
89
96
9
11
73
91
55
51
33
16
61
46
58
14
9
26
5
95
76
86
24
10
39
28
59
40
22
82
39
97
7
67
46
11
24
30
36
3
76
62
42
41
73
6
70
3
95
10
88
9
85
63
29
81
14
86
83
39
72
32
62
33
40
78
91
67
75
21
44
68
14
15
69
74
29
87
47
37
99
75
99
83
95
25
3
72
55
12
64
99
100
47
73
49
38
94
37
69
60
42
44
53
65
96
56
85
91
41
37
20
47
6
84
87
70
24
59
88
57
60
46
88
64
79
18
15
61
3
64
51
5
75
50
32
25
90
52
12
22
23
16
20
37
57
54
24
2
48
75
97
15
17
9
46
93
17
43
33
41
93
49
18
8
78
37
40
22
21
34
92
50
87
32
9
95
49
89
97
55
17
28
72
91
34
97
41
52
79
94
9
70
15
70
74
27
1
53
49
85
41
48
62
71
20
61
23
18
35
100
12
25
51
67
47
48
69
90
76
99
54
82
13
44
27
40
23
28
34
10
58
8
2
72
24
44
41
51
66
35
1
33
4
72
70
2
27
45
72
32
25
31
26
18
47
59
12
71
33
6
95
84
77
88
60
52
84
35
4
78
42
72
68
99
76
60
62
11
16
48
65
35
55
12
19
48
50
11
26
76
44
52
73
23
5
53
35
66
44
71
32
91
55
95
25
78
34
49
15
40
51
84
35
79
38
35
86
19
57
28
21
65
93
100
21
2
14
99
47
92
9
80
41
64
41
30
22
13
81
3
12
34
2
12
1
76
78
62
77
74
74
38
85
51
14
8
25
39
7
86
48
44
48
90
54
46
72
39
48
86
52
82
43
6
6
66
53
2
43
22
17
59
35
37
37
46
12
74
39
41
90
79
94
32
99
32
25
13
16
84
92
40
21
50
63
66
68
5
41
4
5
44
90
20
46
53
67
95
91
92
17
88
30
4
5
70
32
100
73
45
77
94
4
87
54
67
